Sphere Evaluation Function:
Score: 10.0
Runtime: 10ms
Bent Cigar Function: 
Score: 2.5671347150645206E-10
Runtime: 750ms
Schaffers Evaluation Function: 
Score: 4.5095885843834485E-18
Runtime: 2046ms
Katsuura Evaluation Function: 
Score: 3.0690754463056966E-42
Runtime: 66833ms
