Sphere Evaluation Function:
Score: 10.0
Runtime: 8ms
Bent Cigar Function: 
Score: 2.56713471506453E-10
Runtime: 38ms
Schaffers Evaluation Function: 
Score: 4.509588584383641E-18
Runtime: 359ms
Katsuura Evaluation Function: 
Score: 3.069075446256456E-42
Runtime: 13264ms
