Sphere Evaluation Function:
Score: 0.0
Runtime: 200ms
Bent Cigar Function: 
Score: 0.00720862165097499
Runtime: 220ms
Schaffers Evaluation Function: 
Score: 0.08936755227753607
Runtime: 814ms
