Score: 9.871814224556058
Runtime: 1188ms
Score: 9.863684583873605
Runtime: 1146ms
