Score: 7.964751470160506
Runtime: 407ms
Score: 7.531021037391352
Runtime: 410ms
