Score: 3.1417163698781247
Runtime: 30226ms
Score: 4.867331616559519
Runtime: 36589ms
