Score: 3.0840712476871452
Runtime: 31882ms
Score: 3.537034541710476
Runtime: 39937ms
