Score: 0.27125641727474176
Runtime: 28707ms
Score: 0.7769498853314458
Runtime: 28240ms
