Score: 3.136483545519952
Runtime: 32755ms
Score: 3.4410381890926085
Runtime: 32814ms
