Score: 2.4558680345923216
Runtime: 37336ms
Score: 3.419979749965114
Runtime: 36317ms
