Score: 0.3443037059234036
Runtime: 30014ms
Score: 0.8436924778834171
Runtime: 29916ms
