Score: 3.0635223170613135
Runtime: 31802ms
Score: 2.0987292851632975
Runtime: 31598ms
