Score: 2.4108031517678024
Runtime: 40123ms
Score: 2.8849052242850135
Runtime: 34824ms
