Score: 0.21593973615239262
Runtime: 39837ms
Score: 0.13298012597063635
Runtime: 43110ms
