Score: 2.880915658307932
Runtime: 31533ms
Score: 2.7247303750250134
Runtime: 31637ms
