Score: 3.4701369018797394
Runtime: 31629ms
Score: 2.6993888070850645
Runtime: 31884ms
