Score: 2.025434334554575
Runtime: 31167ms
Score: 3.2751698494361636
Runtime: 31816ms
