Score: 1.2989842491256154
Runtime: 30840ms
Score: 2.3691753183686695
Runtime: 31241ms
