Score: 3.6370152631264747
Runtime: 33551ms
Score: 3.2852554089545194
Runtime: 30595ms
