Score: 0.043289770299395215
Runtime: 25664ms
Score: 0.2283221358038091
Runtime: 25521ms
