Score: 4.421502783888865
Runtime: 29987ms
Score: 3.5773801382855295
Runtime: 35517ms
