Score: 2.5846612459057265
Runtime: 31543ms
Score: 2.9263555414664273
Runtime: 31640ms
