Score: 1.8270383838524662
Runtime: 41131ms
Score: 0.025526657377529197
Runtime: 31263ms
