Score: 1.8581796526803218
Runtime: 32950ms
Score: 3.5952849596089678
Runtime: 29966ms
