Score: 0.5922942372692734
Runtime: 25695ms
Score: 0.37513417546653655
Runtime: 30825ms
